0,930.113
0.01,9.82578
0.02,9.85371
0.03,9.80133
0.04,10.0739
0.05,10.0613
0.06,9.73282
0.07,-989.811
0.08,9.83605
0.09,9.80329
0.1,9.96533
0.11,9.98376
0.12,9.96113
0.13,10.0034
0.14,10.2842
0.15,9.89723
0.16,9.81048
0.17,10.1473
0.18,9.75223
0.19,9.76243
0.2,9.97315
0.21,10.219
0.22,9.77347
0.23,10.1556
0.24,9.88417
0.25,9.83095
0.26,10.0083
0.27,10.0438
0.28,9.7023
0.29,10.0466
0.3,9.8908
0.31,10.0119
0.32,10.051
0.33,10.0723
0.34,9.69803
0.35,9.97028
0.36,10.1107
0.37,9.8489
0.38,9.9605
0.39,9.99354
0.4,9.91965
0.41,10.0083
0.42,9.92314
0.43,9.97503
0.44,10.0204
0.45,9.92509
0.46,10.0056
0.47,10.1448
0.48,9.70041
0.49,9.98963
0.5,10.0199
0.51,10.0006
0.52,10.2149
0.53,9.70097
0.54,9.95205
0.55,10.2156
0.56,9.71529
0.57,9.93459
0.58,10.0356
0.59,9.96232
0.6,9.95715
0.61,9.97636
0.62,10.072
0.63,10.143
0.64,9.93857
0.65,9.54773
0.66,10.0071
0.67,9.98355
0.68,9.95708
0.69,9.9267
0.7,10.0211
0.71,10.0189
0.72,9.87683
0.73,10.5738
0.74,9.34574
0.75,10.1448
0.76,9.77828
0.77,10.188
0.78,9.79058
0.79,9.93187
0.8,9.85804
0.81,9.99466
0.82,9.94318
0.83,9.89695
0.84,10.0073
0.85,9.99675
0.86,9.93822
0.87,10.1736
0.88,9.73812
0.89,9.9121
0.9,10.0819
0.91,10.1154
0.92,9.8329
0.93,10.063
0.94,10.1315
0.95,9.77039
0.96,9.76725
0.97,10.1479
0.98,10.0945
0.99,9.75468
1,9.78911
1.01,10.1789
1.02,10.0395
1.03,9.84729
1.04,9.84219
1.05,9.94598
1.06,10.1642
1.07,-990.029
1.08,9.88836
1.09,9.87572
1.1,9.65445
1.11,9.8797
1.12,10.0104
1.13,9.96609
1.14,10.0169
1.15,9.92593
1.16,9.95764
1.17,10.2323
1.18,9.72297
1.19,10.0535
1.2,9.78541
1.21,10.5637
1.22,9.77612
1.23,10.0028
1.24,9.56268
1.25,10.4045
1.26,9.46434
1.27,10.0811
1.28,9.83479
1.29,9.77116
1.3,10.012
1.31,9.95045
1.32,9.95555
1.33,10.2558
1.34,10.0559
1.35,9.94507
1.36,9.64188
1.37,10.2626
1.38,9.90924
1.39,9.92153
1.4,9.93885
1.41,9.9297
1.42,9.93494
1.43,9.92321
1.44,9.90694
1.45,9.93369
1.46,9.95324
1.47,9.93257
1.48,9.70509
1.49,9.98956
1.5,9.71703
1.51,10.0056
1.52,10.0479
1.53,10.0427
1.54,9.8424
1.55,10.0729
1.56,9.75503
1.57,10.1016
1.58,9.80259
1.59,10.0601
1.6,9.81439
1.61,10.1319
1.62,10.0827
1.63,9.91657
1.64,9.96777
1.65,9.88466
1.66,9.94353
1.67,9.63496
1.68,9.85441
1.69,10.19
1.7,10.194
1.71,9.83821
1.72,9.63168
1.73,10.2798
1.74,9.57148
1.75,10.3403
1.76,9.95422
1.77,9.9061
1.78,9.62114
1.79,10.0333
1.8,9.75789
1.81,10.1906
1.82,9.88298
1.83,10.1036
1.84,9.9098
1.85,9.84184
1.86,9.96253
1.87,10.0413
1.88,9.57762
1.89,10.3195
1.9,9.87509
1.91,10.0803
1.92,9.87236
1.93,9.97056
1.94,9.91134
1.95,9.75286
1.96,9.78282
1.97,10.1194
1.98,9.87034
1.99,10.1334
2,9.66214
2.01,10.1714
2.02,10.0731
2.03,9.80231
2.04,10.0629
2.05,9.82319
2.06,10.089
2.07,-990.073
2.08,9.72478
2.09,9.96016
2.1,9.70139
2.11,10.0309
2.12,10.0665
2.13,10.0326
2.14,9.93655
2.15,10.0806
2.16,9.65012
2.17,10.0635
2.18,9.88172
2.19,10.1207
2.2,9.82368
2.21,10.0954
2.22,9.93264
2.23,9.70467
2.24,10.1417
2.25,10.062
2.26,9.64782
2.27,10.1705
2.28,9.58426
2.29,9.84792
2.3,10.2554
2.31,10.2518
2.32,9.4394
2.33,10.183
2.34,9.7222
2.35,10.0323
2.36,10.0826
2.37,9.79637
2.38,10.0825
2.39,9.90428
2.4,9.63266
2.41,10.1634
2.42,10.0641
2.43,9.942
2.44,9.89157
2.45,9.94591
2.46,9.92419
2.47,9.923
2.48,9.82578
2.49,10.0534
2.5,9.78247
2.51,9.98851
2.52,9.95869
2.53,9.96525
2.54,10.0269
2.55,9.83667
2.56,10.073
2.57,9.76906
2.58,9.78764
2.59,10.192
2.6,9.82487
2.61,10.0071
2.62,10.2242
2.63,9.66409
2.64,10.0263
2.65,9.96658
2.66,9.92991
2.67,9.76522
2.68,10.0491
2.69,9.93431
2.7,9.69706
2.71,9.97168
2.72,10.2239
2.73,9.9244
2.74,9.82976
2.75,10.0555
2.76,9.94605
2.77,9.77402
2.78,9.95946
2.79,9.80957
2.8,9.96337
2.81,9.76718
2.82,10.1925
2.83,10.2842
2.84,9.62463
2.85,9.8607
2.86,10.0996
2.87,9.77116
2.88,9.83542
2.89,9.90393
2.9,10.1171
2.91,9.78087
2.92,10.2911
2.93,9.55108
2.94,9.95094
2.95,9.99487
2.96,9.94221
2.97,9.97077
2.98,9.97908
2.99,9.97203
3,9.97811
3.01,9.97873
3.02,9.97573
3.03,9.97734
3.04,10.0102
3.05,9.98684
3.06,9.95904
3.07,-989.991
3.08,10.0673
3.09,9.77954
3.1,10.3384
3.11,9.89045
3.12,9.85944
3.13,9.87921
3.14,9.9457
3.15,9.77947
3.16,9.96134
3.17,9.95094
3.18,9.9121
3.19,10.0343
3.2,9.88305
3.21,9.98914
3.22,9.9612
3.23,10.0732
3.24,10.0242
3.25,9.89737
3.26,10.0981
3.27,9.96498
3.28,9.85309
3.29,10.0642
3.3,10.1911
3.31,9.85986
3.32,9.95492
3.33,9.64921
3.34,10.0915
3.35,9.80308
3.36,9.87104
3.37,10.0287
3.38,9.93012
3.39,9.99801
3.4,9.92181
3.41,9.97399
3.42,10.0472
3.43,9.84659
3.44,10.2686
3.45,9.6145
3.46,10.03
3.47,9.85923
3.48,10.0655
3.49,9.53153
3.5,10.2175
3.51,9.98712
3.52,10.0397
3.53,9.68791
3.54,9.96064
3.55,10.1078
3.56,10.0292
3.57,9.97454
3.58,9.92635
3.59,9.91008
3.6,9.82997
3.61,10.0806
3.62,9.91238
3.63,9.86014
3.64,10.0127
3.65,9.94444
3.66,9.91832
3.67,9.92035
3.68,9.96372
3.69,9.77158
3.7,10.083
3.71,9.92733
3.72,9.94186
3.73,9.91615
3.74,9.89562
3.75,9.96931
3.76,9.91958
3.77,9.98544
3.78,9.61611
3.79,10.0323
3.8,9.79512
3.81,10.1048
3.82,9.89073
3.83,9.81488
3.84,10.0169
3.85,10.507
3.86,9.75957
3.87,10.0996
3.88,9.45135
3.89,10.0496
3.9,9.98635
3.91,10.0557
3.92,9.61359
3.93,10.2807
3.94,9.89925
3.95,9.82766
3.96,10.0845
3.97,9.93997
3.98,9.90645
3.99,9.81376
4,9.96365
4.01,9.94716
4.02,10.0867
4.03,9.79463
4.04,9.76425
4.05,10.2455
4.06,9.835
4.07,-990.068
4.08,10.0871
4.09,9.90533
4.1,9.93676
4.11,9.92866
4.12,9.88598
4.13,9.95296
4.14,9.94395
4.15,9.75817
4.16,10.1067
4.17,9.92775
4.18,9.93243
4.19,9.77018
4.2,10.0963
4.21,9.58384
4.22,10.3265
4.23,9.93885
4.24,9.66304
4.25,10.2501
4.26,9.89087
4.27,9.97266
4.28,9.63504
4.29,10.1801
4.3,10.0551
4.31,9.83786
4.32,9.93648
4.33,9.94612
4.34,9.7903
4.35,10.2152
4.36,9.55423
4.37,9.81356
4.38,9.97636
4.39,9.95038
4.4,9.97887
4.41,10.2149
4.42,9.83262
4.43,9.88452
4.44,10.0393
4.45,10.0406
4.46,10.0766
4.47,9.92691
4.48,9.66304
4.49,9.84757
4.5,9.97594
4.51,9.97559
4.52,9.97329
4.53,9.97601
4.54,9.94814
4.55,10.0092
4.56,10.2422
4.57,10.0806
4.58,9.90763
4.59,9.91986
4.6,9.77109
4.61,10.0155
4.62,9.80252
4.63,10.0737
4.64,9.89024
4.65,9.99354
4.66,10.0753
4.67,9.94402
4.68,9.89883
4.69,9.93355
4.7,9.9457
4.71,9.80231
4.72,10.0841
4.73,9.90295
4.74,9.91588
4.75,9.95171
4.76,9.91979
4.77,9.7919
4.78,9.83821
4.79,10.1453
4.8,9.66025
4.81,10.4002
4.82,9.76823
4.83,10.0329
4.84,9.8181
4.85,10.0763
4.86,9.83472
4.87,9.95611
4.88,9.62246
4.89,10.1455
4.9,9.65424
4.91,9.98649
4.92,9.90093
4.93,10.3458
4.94,9.74679
4.95,9.99152
4.96,9.76096
4.97,9.904
4.98,10.0125
4.99,9.93955
5,9.94528
5.01,9.9964
5.02,9.98467
5.03,9.97147
5.04,9.95017
5.05,10.0046
5.06,9.9765
5.07,9.9823
5.08,-990.023
5.09,9.97412
5.1,9.91238
5.11,9.96554
5.12,10.0431
5.13,9.99724
5.14,10.0804
5.15,9.82829
5.16,9.92964
5.17,10.0467
5.18,9.90554
5.19,9.98907
5.2,9.92782
5.21,10.016
5.22,9.94703
5.23,9.96253
5.24,9.97329
5.25,10.0257
5.26,9.92496
5.27,9.99641
5.28,9.96826
5.29,9.95157
5.3,9.96428
5.31,9.99068
5.32,9.98893
5.33,9.94926
5.34,9.98425
5.35,9.97957
5.36,9.98928
5.37,9.94954
5.38,10.0121
5.39,9.98041
5.4,10.0461
5.41,9.88982
5.42,9.94577
5.43,10.0128
5.44,9.99606
5.45,9.98635
5.46,10.1386
5.47,9.96889
5.48,10.0417
5.49,9.83109
5.5,9.98551
5.51,10.0506
5.52,9.94025
5.53,9.81831
5.54,9.74113
5.55,10.1658
5.56,10.078
5.57,9.92028
5.58,9.58698
5.59,10.1992
5.6,9.70432
5.61,10.2111
5.62,9.70718
5.63,10.1612
5.64,9.94081
5.65,9.99117
5.66,10.0901
5.67,9.77528
5.68,10.0586
5.69,9.90966
5.7,9.99152
5.71,9.91944
5.72,9.93662
5.73,9.88235
5.74,9.93578
5.75,9.95876
5.76,9.72758
5.77,10.034
5.78,9.73421
5.79,10.2365
5.8,9.67652
5.81,9.94654
5.82,10.003
5.83,10.1751
5.84,9.72499
5.85,10.2372
5.86,9.86433
5.87,9.93885
5.88,9.66598
5.89,10.1525
5.9,10.0926
5.91,9.60242
5.92,9.83311
5.93,9.904
5.94,9.98858
5.95,9.90952
5.96,9.90261
5.97,10.0347
5.98,9.94144
5.99,9.98921
6,9.88535
6.01,10.0121
6.02,10.0855
6.03,9.82347
6.04,10.0678
6.05,10.0562
6.06,9.85337
6.07,-989.836
6.08,9.68895
6.09,9.8776
6.1,10.1
6.11,9.98376
6.12,10.0763
6.13,9.92398
6.14,9.9332
6.15,9.81698
6.16,10.0607
6.17,9.95373
6.18,9.56917
6.19,9.90233
6.2,10.0176
6.21,10.016
6.22,10.3968
6.23,9.6365
6.24,10.0493
6.25,9.96525
6.26,10.1644
6.27,9.70704
6.28,9.64523
6.29,10.2552
6.3,9.57979
6.31,9.94102
6.32,9.97385
6.33,10.3293
6.34,9.95708
6.35,9.76648
6.36,10.1126
6.37,9.98314
6.38,9.8116
6.39,9.95443
6.4,10.0355
6.41,9.70397
6.42,9.58845
6.43,9.93941
6.44,10.1065
6.45,10.3752
6.46,9.4408
6.47,10.3036
6.48,9.80734
6.49,9.79176
6.5,9.75978
6.51,10.1808
6.52,10.0613
6.53,9.53998
6.54,9.97901
6.55,9.9691
6.56,9.98188
6.57,9.98013
6.58,9.97859
6.59,10.249
6.6,9.95569
6.61,10.05
6.62,9.5807
6.63,10.0964
6.64,10.3446
6.65,9.64006
6.66,9.8387
6.67,9.92153
6.68,9.96896
6.69,10.0732
6.7,9.9589
6.71,10.0723
6.72,9.93327
6.73,9.5705
6.74,10.3524
6.75,9.73994
6.76,10.2455
6.77,9.70614
6.78,10.0226
6.79,9.93753
6.8,9.8526
6.81,10.0982
6.82,10.0554
6.83,9.50715
6.84,10.2237
6.85,10.0392
6.86,9.84652
6.87,10.0129
6.88,9.54284
6.89,10.1702
6.9,10.1352
6.91,9.85902
6.92,9.96302
6.93,10.0253
6.94,9.54075
6.95,10.3472
6.96,9.53286
6.97,10.2974
6.98,9.62491
6.99,10.2675
7,9.68351
7.01,10.0977
7.02,9.95324
7.03,9.76976
7.04,9.96986
7.05,9.96064
7.06,10.043
7.07,-990.145
7.08,9.85916
7.09,10.1307
7.1,9.82522
7.11,9.92132
7.12,10.0902
7.13,9.89367
7.14,9.68504
7.15,10.0755
7.16,9.92663
7.17,10.1109
7.18,9.93627
7.19,9.75957
7.2,9.79672
7.21,10.139
7.22,10.0098
7.23,9.85567
7.24,9.71117
7.25,10.2224
7.26,10.1397
7.27,9.77682
7.28,9.92803
7.29,9.90763
7.3,10.1055
7.31,9.91965
7.32,9.87879
7.33,9.84694
7.34,9.93578
7.35,10.084
7.36,9.93348
7.37,9.94772
7.38,9.61003
7.39,10.0987
7.4,10.0903
7.41,9.91832
7.42,10.0029
7.43,9.84198
7.44,9.57979
7.45,10.409
7.46,9.80252
7.47,9.81893
7.48,10.0426
7.49,10.0676
7.5,9.79749
7.51,10.1077
7.52,9.61995
7.53,9.91385
7.54,10.1352
7.55,9.8218
7.56,10.0838
7.57,9.92468
7.58,9.90582
7.59,9.80923
7.6,9.96672
7.61,10.0737
7.62,9.9494
7.63,9.7882
7.64,9.87879
7.65,9.96972
7.66,10.0486
7.67,9.84736
7.68,10.0313
7.69,9.83793
7.7,9.92747
7.71,9.9941
7.72,10.0601
7.73,9.92915
7.74,9.91455
7.75,9.80091
7.76,10.0857
7.77,9.92209
7.78,10.042
7.79,9.68693
7.8,9.96204
7.81,10.0891
7.82,9.94926
7.83,9.78199
7.84,9.7588
7.85,10.1292
7.86,9.95967
7.87,9.98425
7.88,9.73617
7.89,10.1606
7.9,9.93355
7.91,10.1269
7.92,9.85574
7.93,9.69007
7.94,10.0769
7.95,10.1614
7.96,9.85539
7.97,9.94828
7.98,9.63797
7.99,9.89583
8,10.1769
8.01,10.2364
8.02,9.74539
8.03,10.1338
8.04,9.43899
8.05,10.4911
8.06,9.66835
8.07,-990.046
8.08,9.91162
8.09,9.71172
8.1,10.148
8.11,9.93013
8.12,9.92558
8.13,9.91769
8.14,9.76941
8.15,10.0044
8.16,10.0756
8.17,9.94479
8.18,9.90987
8.19,9.81537
8.2,9.95443
8.21,10.0482
8.22,9.93557
8.23,9.93669
8.24,9.89108
8.25,9.70809
8.26,9.80147
8.27,9.93934
8.28,9.98663
8.29,10.0398
8.3,10.0468
8.31,10.0426
8.32,9.76243
8.33,10.1613
8.34,9.7155
8.35,10.3219
8.36,9.89199
8.37,9.60661
8.38,9.95967
8.39,9.97266
8.4,9.97678
8.41,9.97189
8.42,9.9751
8.43,10.3861
8.44,9.85302
8.45,9.84086
8.46,10.0785
8.47,9.92237
8.48,9.89576
8.49,9.89932
8.5,10.078
8.51,9.48969
8.52,9.93865
8.53,9.9559
8.54,10.1034
8.55,10.4142
8.56,9.53621
8.57,10.3182
8.58,9.66241
8.59,9.63636
8.6,9.95764
8.61,10.1605
8.62,10.038
8.63,9.94151
8.64,9.91797
8.65,9.63629
8.66,10.2351
8.67,9.97007
8.68,9.91818
8.69,9.79889
8.7,9.96644
8.71,10.0607
8.72,9.85497
8.73,10.0169
8.74,9.83311
8.75,9.94221
8.76,10.0545
8.77,9.82585
8.78,9.81991
8.79,9.81726
8.8,10.0136
8.81,10.1382
8.82,10.1491
8.83,9.77919
8.84,9.94591
8.85,9.95129
8.86,9.87998
8.87,10.0042
8.88,9.74951
8.89,9.97587
8.9,9.94633
8.91,10.3013
8.92,9.88298
8.93,9.86252
8.94,10.039
8.95,10.0197
8.96,9.59495
8.97,9.92202
8.98,10.0438
8.99,9.90526
9,9.95848
9.01,10.3395
9.02,9.55108
9.03,10.3705
9.04,9.66325
9.05,10.0082
9.06,9.63399
9.07,-990.001
9.08,9.9742
9.09,9.95897
9.1,9.98446
9.11,9.97336
9.12,9.98502
9.13,9.9691
9.14,9.98223
9.15,9.97797
9.16,9.94668
9.17,10.0117
9.18,9.9691
9.19,9.98544
9.2,9.97091
9.21,9.95708
9.22,10.0045
9.23,9.97964
9.24,9.96595
9.25,10.3427
9.26,9.70656
9.27,10.0226
9.28,9.85972
9.29,10.0176
9.3,9.78108
9.31,10.1729
9.32,10.0919
9.33,9.87579
9.34,9.87879
9.35,9.93976
9.36,10.0644
9.37,9.8058
9.38,10.0424
9.39,9.83444
9.4,10.0867
9.41,9.8292
9.42,9.96295
9.43,10.0501
9.44,9.90016
9.45,9.95087
9.46,9.83989
9.47,9.73282
9.48,10.0074
9.49,10.1187
9.5,9.71717
9.51,10.3366
9.52,9.60116
9.53,10.3558
9.54,9.54976
9.55,10.2999
9.56,9.91001
9.57,9.45617
9.58,10.0515
9.59,10.2498
9.6,9.64761
9.61,10.2931
9.62,9.70285
9.63,10.0531
9.64,9.95708
9.65,9.95422
9.66,10.0788
9.67,9.69538
9.68,10.1783
9.69,9.63587
9.7,9.90757
9.71,10.1784
9.72,9.75405
9.73,10.1859
9.74,9.73589
9.75,10.169
9.76,10.0891
9.77,9.78862
9.78,9.84987
9.79,10.0252
9.8,9.75733
9.81,9.97685
9.82,10.0111
9.83,10.0133
9.84,9.89681
9.85,10.0364
9.86,9.74909
9.87,10.1735
9.88,10.0307
9.89,9.83549
9.9,9.76711
9.91,10.1733
9.92,10.0663
9.93,9.79861
9.94,9.94947
9.95,9.9677
9.96,10.0787
9.97,9.92056
9.98,9.87914
9.99,9.87243
10,9.74972
10.01,10.182
10.02,10.028
10.03,10.031
10.04,9.53048
10.05,10.3736
10.06,9.85371
10.07,-990.459
10.08,10.0431
10.09,10.1817
10.1,9.67247
10.11,10.3421
10.12,9.64356
10.13,10.2918
10.14,9.64111
10.15,10.0095
10.16,9.96484
10.17,10.0705
10.18,9.91909
10.19,9.7933
10.2,9.96211
10.21,10.0763
10.22,9.82292
10.23,10.0616
10.24,9.7009
10.25,10.1133
10.26,9.87041
10.27,9.94919
10.28,9.72325
10.29,10.151
10.3,9.68791
10.31,10.1984
10.32,9.81893
10.33,10.079
10.34,9.76809
10.35,10.1807
10.36,9.79239
10.37,10.1041
10.38,9.96162
10.39,9.94696
10.4,9.95303
10.41,9.96581
10.42,9.83507
10.43,10.1478
10.44,9.91127
10.45,9.92901
10.46,9.84205
10.47,9.75223
10.48,9.92964
10.49,9.90456
10.5,10.0133
10.51,10.1661
10.52,9.86252
10.53,10.0308
10.54,9.74714
10.55,10.1838
10.56,9.7581
10.57,9.95094
10.58,10.2735
10.59,9.81376
10.6,9.99424
10.61,10.1811
10.62,9.97832
10.63,9.80727
10.64,9.69748
10.65,10.0955
10.66,9.9179
10.67,9.82892
10.68,10.0744
10.69,9.82857
10.7,10.0506
10.71,9.97929
10.72,9.62142
10.73,9.94647
10.74,10.1467
10.75,9.9538
10.76,9.942
10.77,9.96519
10.78,9.92733
10.79,9.95261
10.8,9.95904
10.81,9.98425
10.82,10.0801
10.83,9.8153
10.84,10.0429
10.85,9.82885
10.86,9.97007
10.87,9.94584
10.88,9.71487
10.89,10.1672
10.9,9.9443
10.91,9.97252
10.92,9.76816
10.93,10.0016
10.94,9.92517
10.95,9.88459
10.96,9.945
10.97,10.2531
10.98,9.9656
10.99,9.93564
11,10.0943
11.01,9.65375
11.02,10.2726
11.03,9.79575
11.04,9.74665
11.05,10.3013
11.06,9.63043
11.07,-989.898
11.08,10.0746
11.09,9.78953
11.1,10.2139
11.11,9.82676
11.12,10.0689
11.13,9.80245
11.14,9.84443
11.15,9.93494
11.16,9.97874
11.17,10.1753
11.18,9.71068
11.19,9.79295
11.2,9.98663
11.21,9.94696
11.22,10.082
11.23,9.89863
11.24,9.94507
11.25,9.92342
11.26,9.90289
11.27,9.98404
11.28,9.58405
11.29,10.1295
11.3,9.7734
11.31,10.1189
11.32,9.80909
11.33,9.99333
11.34,10.1712
11.35,9.92007
11.36,10.0649
11.37,9.82347
11.38,10.0625
11.39,9.76809
11.4,9.89863
11.41,10.1547
11.42,9.9244
11.43,9.91189
11.44,9.82298
11.45,9.96959
11.46,9.95338
11.47,9.94144
11.48,9.93871
11.49,10.0419
11.5,9.99599
11.51,9.84939
11.52,9.74672
11.53,10.1624
11.54,9.71738
11.55,10.2057
11.56,9.73338
11.57,10.2952
11.58,9.90533
11.59,9.82948
11.6,10.052
11.61,10.1062
11.62,9.8262
11.63,9.79987
11.64,10.1604
11.65,9.80853
11.66,10.1052
11.67,10.0394
11.68,9.95667
11.69,9.32158
11.7,9.97294
11.71,10.3483
11.72,9.76194
11.73,10.0114
11.74,10.0426
11.75,9.82955
11.76,9.95303
11.77,10.0501
11.78,9.81034
11.79,9.97196
11.8,9.70781
11.81,10.2201
11.82,9.85567
11.83,10.0352
11.84,9.94528
11.85,9.96372
11.86,9.964
11.87,10.0587
11.88,9.5874
11.89,10.1524
11.9,9.95576
11.91,9.97063
11.92,9.82298
11.93,10.0577
11.94,9.74623
11.95,10.1811
11.96,10.0519
11.97,9.8007
11.98,10.1985
11.99,9.69098
12,9.989
12.01,10.0614
12.02,9.83549
12.03,9.91972
12.04,9.74895
12.05,10.1603
12.06,10.0879
12.07,-990.101
12.08,9.91189
12.09,9.88179
12.1,9.73547
12.11,10.3854
12.12,9.61394
12.13,9.85581
12.14,10.0155
12.15,10.1693
12.16,10.1318
12.17,9.93711
12.18,9.77039
12.19,9.82578
12.2,9.96037
12.21,10.0589
12.22,9.66884
12.23,10.0281
12.24,10.058
12.25,9.98593
12.26,9.73582
12.27,9.96253
12.28,10.0258
12.29,10.0403
12.3,9.95618
12.31,9.89255
12.32,10.1025
12.33,9.97273
12.34,9.79658
12.35,9.95115
12.36,10.0386
12.37,9.79624
12.38,10.0046
12.39,10.0487
12.4,9.82871
12.41,10.0739
12.42,9.82019
12.43,9.99773
12.44,9.79938
12.45,10.0389
12.46,10.0662
12.47,9.92621
12.48,9.80992
12.49,9.92943
12.5,10.0642
12.51,9.8343
12.52,9.75475
12.53,10.18
12.54,9.93047
12.55,9.95911
12.56,10.083
12.57,9.92398
12.58,9.8021
12.59,9.92943
12.6,10.0863
12.61,9.99536
12.62,9.79484
12.63,9.71291
12.64,9.80329
12.65,10.3154
12.66,9.74343
12.67,10.1492
12.68,9.95485
12.69,9.71738
12.7,9.67254
12.71,10.5721
12.72,9.37215
12.73,10.271
12.74,9.87928
12.75,9.89311
12.76,10.056
12.77,9.85476
12.78,9.92852
12.79,9.95136
12.8,9.97685
12.81,9.94318
12.82,10.0326
12.83,9.95555
12.84,9.58035
12.85,10.1682
12.86,9.84401
12.87,10.0498
12.88,9.74504
12.89,10.1688
12.9,9.94996
12.91,9.97077
12.92,10.0626
12.93,9.75279
12.94,9.98872
12.95,9.95226
12.96,9.97615
12.97,9.92586
12.98,10.0335
12.99,9.98118
13,9.82201
13.01,9.96393
13.02,10.0834
13.03,9.68616
13.04,10.0394
13.05,9.99389
13.06,10.0645
13.07,-990.054
13.08,9.78625
13.09,10.0214
13.1,9.89276
13.11,10.1069
13.12,9.92537
13.13,9.75014
13.14,9.9464
13.15,9.97943
13.16,10.0822
13.17,9.93851
13.18,9.94919
13.19,9.77989
13.2,10.0351
13.21,10.1077
13.22,9.92586
13.23,10.0663
13.24,9.86294
13.25,9.8072
13.26,10.2036
13.27,9.68993
13.28,9.79191
13.29,9.96749
13.3,9.98146
13.31,9.71843
13.32,9.99655
13.33,10.1268
13.34,9.78101
13.35,10.1244
13.36,9.95352
13.37,9.98663
13.38,9.98544
13.39,9.89276
13.4,9.92482
13.41,9.97573
13.42,10.089
13.43,9.73009
13.44,9.98425
13.45,9.96134
13.46,9.89863
13.47,10.1318
13.48,9.9721
13.49,9.84778
13.5,9.86294
13.51,9.92789
13.52,10.0933
13.53,9.77535
13.54,10.0722
13.55,9.83535
13.56,9.95038
13.57,10.0823
13.58,9.77696
13.59,9.94961
13.6,9.95841
13.61,9.967
13.62,9.9809
13.63,9.86342
13.64,9.99704
13.65,9.78275
13.66,10.2707
13.67,9.77919
13.68,10.0576
13.69,9.99305
13.7,9.79777
13.71,9.72094
13.72,10.4453
13.73,9.87481
13.74,9.73861
13.75,10.0578
13.76,10.0779
13.77,10.0549
13.78,9.67059
13.79,9.83828
13.8,9.94395
13.81,9.9552
13.82,9.70844
13.83,9.98258
13.84,10.2027
13.85,9.97273
13.86,10.0516
13.87,9.76194
13.88,9.76054
13.89,10.2196
13.9,9.7743
13.91,10.2397
13.92,9.79491
13.93,10.1733
13.94,9.712
13.95,9.96358
13.96,10.0596
13.97,9.84317
13.98,10.0148
13.99,9.91546
14,10.1477
14.01,9.70642
14.02,10.0583
14.03,9.76096
14.04,10.0808
14.05,9.63483
14.06,10.162
14.07,-990.039
14.08,9.90533
14.09,9.96714
14.1,10.087
14.11,9.81677
14.12,9.96994
14.13,10.0097
14.14,9.83367
14.15,10.0759
14.16,9.8549
14.17,10.1853
14.18,9.61604
14.19,10.005
14.2,9.96141
14.21,9.85015
14.22,10.1455
14.23,9.80392
14.24,9.9348
14.25,9.98376
14.26,10.1097
14.27,9.95639
14.28,9.64209
14.29,9.84163
14.3,9.93159
14.31,10.2835
14.32,9.83605
14.33,9.90987
14.34,10.0294
14.35,9.91832
14.36,10.0429
14.37,9.83346
14.38,9.92531
14.39,10.0725
14.4,9.95157
14.41,9.79128
14.42,10.1114
14.43,9.58035
14.44,9.92733
14.45,9.96512
14.46,9.97427
14.47,9.97077
14.48,9.9691
14.49,9.95883
14.5,9.96875
14.51,10.0061
14.52,9.97762
14.53,9.97748
14.54,9.99277
14.55,9.91203
14.56,9.98663
14.57,9.94961
14.58,9.97476
14.59,9.9853
14.6,9.97936
14.61,10.012
14.62,10.3763
14.63,9.80455
14.64,9.89995
14.65,10.0885
14.66,9.93983
14.67,9.84855
14.68,9.92398
14.69,9.92538
14.7,9.97126
14.71,10.0354
14.72,9.68023
14.73,9.88752
14.74,10.0132
14.75,10.1792
14.76,9.82704
14.77,10.0768
14.78,10.1734
14.79,9.52629
14.8,9.95324
14.81,9.98174
14.82,9.95855
14.83,9.91085
14.84,9.92398
14.85,9.92202
14.86,9.99131
14.87,9.99019
14.88,10.0306
14.89,9.99557
14.9,9.9742
14.91,9.91874
14.92,10.0533
14.93,9.98153
14.94,9.94018
14.95,10.0037
14.96,9.96595
14.97,9.97902
14.98,10.0403
14.99,9.88885
15,9.97489
15.01,9.97252
15.02,9.98118
15.03,9.9765
15.04,10.0409
15.05,9.95904
15.06,9.95254
15.07,-990.043
15.08,9.88109
15.09,9.97929
15.1,9.97098
15.11,9.97978
15.12,9.9714
15.13,9.97692
15.14,9.95282
15.15,9.99641
15.16,9.93208
15.17,10.0178
15.18,9.93404
15.19,10.0908
15.2,10.2077
15.21,9.71668
15.22,10.312
15.23,9.5559
15.24,10.1745
15.25,10.1232
15.26,9.68861
15.27,10.1455
15.28,10.062
15.29,9.66053
15.3,10.1932
15.31,9.58049
15.32,10.0378
15.33,9.99934
15.34,9.73596
15.35,9.97036
15.36,9.96107
15.37,9.96847
15.38,9.99976
15.39,9.98188
15.4,9.96917
15.41,9.98265
15.42,9.96882
15.43,9.97594
15.44,9.97706
15.45,10.0041
15.46,9.96651
15.47,9.95066
15.48,9.97427
15.49,9.97713
15.5,9.9897
15.51,9.94759
15.52,9.98097
15.53,10.0165
15.54,9.89031
15.55,10.028
15.56,9.948
15.57,9.98733
15.58,9.95904
15.59,9.98055
15.6,9.96309
15.61,9.96141
15.62,9.98642
15.63,9.97902
15.64,9.97112
15.65,9.94779
15.66,10.0086
15.67,9.94675
15.68,10.0053
15.69,9.98244
15.7,9.97643
15.71,10.0367
15.72,9.95352
15.73,10.0482
15.74,9.81516
15.75,9.99766
15.76,9.9897
15.77,10.3245
15.78,9.9383
15.79,9.80259
15.8,9.95115
15.81,10.1292
15.82,9.59013
15.83,10.0717
15.84,9.79344
15.85,10.2566
15.86,9.76006
15.87,10.4071
15.88,9.33653
15.89,10.1755
15.9,10.0692
15.91,9.82264
15.92,9.73631
15.93,10.2121
15.94,9.86615
15.95,10.0736
15.96,9.92859
15.97,9.94884
15.98,9.8225
15.99,9.88542
16,10.0908
16.01,9.90442
16.02,9.90791
16.03,9.75468
16.04,9.82173
16.05,10.1675
16.06,10.076
16.07,-990.112
16.08,9.77612
16.09,10.1194
16.1,9.58782
16.11,10.2976
16.12,9.91567
16.13,9.8723
16.14,9.64754
16.15,10.2613
16.16,9.91259
16.17,9.88885
16.18,9.7171
16.19,10.16
16.2,10.0982
16.21,9.9121
16.22,9.87537
16.23,9.8116
16.24,10.1392
16.25,9.95212
16.26,9.91287
16.27,9.95143
16.28,9.90875
16.29,9.83346
16.3,9.95275
16.31,10.0536
16.32,10.0903
16.33,9.57958
16.34,9.82222
16.35,10.2458
16.36,9.72702
16.37,10.1416
16.38,9.80741
16.39,10.1486
16.4,9.97322
16.41,9.76048
16.42,10.0088
16.43,9.81537
16.44,10.0789
16.45,9.96931
16.46,10.0741
16.47,9.9165
16.48,9.85777
16.49,9.9786
16.5,9.85309
16.51,10.0697
16.52,9.89073
16.53,9.76928
16.54,10.0186
16.55,10.0378
16.56,10.0232
16.57,9.87774
16.58,9.67422
16.59,10.0426
16.6,10.0834
16.61,9.81991
16.62,10.0743
16.63,9.8292
16.64,9.78338
16.65,10.1536
16.66,9.9881
16.67,9.86391
16.68,9.95618
16.69,9.74965
16.7,9.77745
16.71,10.2738
16.72,9.61045
16.73,10.196
16.74,9.86559
16.75,9.79854
16.76,9.95066
16.77,10.2879
16.78,9.57455
16.79,10.1355
16.8,9.7544
16.81,10.3245
16.82,9.59103
16.83,10.2988
16.84,9.96442
16.85,9.9765
16.86,9.81537
16.87,9.9179
16.88,9.56233
16.89,9.96204
16.9,9.96952
16.91,9.97434
16.92,10.4823
16.93,9.70209
16.94,9.82536
16.95,9.92775
16.96,9.89639
16.97,9.98048
16.98,9.85686
16.99,10.0463
17,10.0549
17.01,9.95548
17.02,9.95024
17.03,9.80112
17.04,9.76788
17.05,10.1876
17.06,9.90638
17.07,-990.039
17.08,9.85232
17.09,9.97399
17.1,9.94207
17.11,9.91637
17.12,9.9325
17.13,9.84212
17.14,9.98733
17.15,9.9376
17.16,9.89821
17.17,9.95199
17.18,9.68239
17.19,10.0368
17.2,10.0929
17.21,9.94954
17.22,9.85302
17.23,9.93606
17.24,9.97315
17.25,9.96204
17.26,9.95687
17.27,9.9237
17.28,9.82683
17.29,9.8915
17.3,10.1178
17.31,9.71221
17.32,10.0698
17.33,9.86817
17.34,10.0074
17.35,9.61876
17.36,9.94151
17.37,10.2424
17.38,10.0317
17.39,9.7727
17.4,9.99997
17.41,10.0944
17.42,9.98258
17.43,9.74176
17.44,9.87963
17.45,10.0912
17.46,9.93019
17.47,9.79896
17.48,9.83451
17.49,10.1534
17.5,9.81586
17.51,10.0923
17.52,9.93466
17.53,9.81342
17.54,9.78764
17.55,10.0542
17.56,9.7743
17.57,10.2607
17.58,9.70139
17.59,9.93879
17.6,10.2034
17.61,9.87516
17.62,9.95932
17.63,9.79337
17.64,9.78709
17.65,10.1865
17.66,9.92517
17.67,9.93606
17.68,9.82773
17.69,9.9955
17.7,9.63769
17.71,10.2677
17.72,9.91825
17.73,9.84589
17.74,10.026
17.75,9.92663
17.76,9.67324
17.77,10.3654
17.78,9.43989
17.79,10.1796
17.8,9.73659
17.81,10.0389
17.82,9.86384
17.83,10.2455
17.84,9.94926
17.85,9.99026
17.86,9.624
17.87,10.166
17.88,9.61206
17.89,10.1714
17.9,10.2035
17.91,9.80818
17.92,9.95422
17.93,9.77752
17.94,9.90226
17.95,9.76997
17.96,10.3808
17.97,9.46797
17.98,10.0297
17.99,10.0463
18,9.85309
18.01,10.1531
18.02,9.91259
18.03,9.73512
18.04,9.89939
18.05,10.2046
18.06,9.90428
18.07,-990.148
18.08,9.94312
18.09,9.86077
18.1,10.1109
18.11,9.92663
18.12,9.93655
18.13,9.8058
18.14,10.0145
18.15,9.9054
18.16,9.72667
18.17,9.8146
18.18,10.2358
18.19,9.98118
18.2,9.84226
18.21,10.0432
18.22,9.60535
18.23,10.0975
18.24,9.73386
18.25,9.99997
18.26,9.9531
18.27,10.0258
18.28,10.0232
18.29,9.89995
18.3,10.0313
18.31,9.92663
18.32,9.99208
18.33,10.3076
18.34,9.72032
18.35,9.9765
18.36,9.94368
18.37,10.025
18.38,9.9193
18.39,10.0164
18.4,9.94144
18.41,10.0593
18.42,9.97336
18.43,9.92558
18.44,10.0158
18.45,9.95059
18.46,9.98893
18.47,10.0275
18.48,9.94661
18.49,9.98209
18.5,10.0029
18.51,9.99082
18.52,10.0891
18.53,9.92447
18.54,9.94786
18.55,9.98376
18.56,9.94773
18.57,9.9457
18.58,10.0127
18.59,9.99145
18.6,10.1151
18.61,9.8056
18.62,9.98041
18.63,9.98858
18.64,9.98921
18.65,10.0797
18.66,9.93033
18.67,9.9237
18.68,9.96358
18.69,10.2269
18.7,9.76215
18.71,10.2838
18.72,9.60507
18.73,10.1803
18.74,10.055
18.75,9.91937
18.76,9.90324
18.77,9.95604
18.78,9.8797
18.79,9.86447
18.8,9.96574
18.81,10.0609
18.82,9.61597
18.83,10.2355
18.84,9.86482
18.85,10.077
18.86,9.60514
18.87,10.2798
18.88,9.62749
18.89,10.1285
18.9,9.74518
18.91,10.2753
18.92,9.99941
18.93,9.84736
18.94,9.75908
18.95,9.78765
18.96,9.95464
18.97,9.96484
18.98,9.9376
18.99,9.93466
19,10.0051
19.01,9.98565
19.02,10.002
19.03,9.97196
19.04,9.96114
19.05,9.92754
19.06,9.97874
19.07,-990.05
19.08,9.96987
19.09,9.97154
19.1,9.9758
19.11,10.0232
19.12,10.2851
19.13,9.60836
19.14,9.95687
19.15,10.2772
19.16,9.95122
19.17,9.68511
19.18,9.91071
19.19,9.88969
19.2,9.93089
19.21,9.95129
19.22,10.0007
19.23,9.96128
19.24,9.96819
19.25,9.96966
19.26,9.939
19.27,10.1878
19.28,9.77661
19.29,9.9304
19.3,9.9501
19.31,9.98474
19.32,10.192
19.33,9.78199
19.34,9.92684
19.35,10.1325
19.36,10.107
19.37,10.3252
19.38,9.26312
19.39,10.0136
19.4,10.4411
19.41,9.43801
19.42,10.1314
19.43,9.84966
19.44,9.9552
19.45,9.93236
19.46,9.97119
19.47,9.98104
19.48,10.1596
19.49,9.77214
19.5,9.88109
19.51,10.3805
19.52,9.67967
19.53,10.0035
19.54,9.86615
19.55,9.78869
19.56,9.98872
19.57,10.1421
19.58,9.77864
19.59,10.19
19.6,9.82341
19.61,10.2063
19.62,9.95702
19.63,9.78443
19.64,10.0687
19.65,9.91888
19.66,9.9654
19.67,9.89674
19.68,9.78108
19.69,10.0297
19.7,9.65159
19.71,10.2696
19.72,9.90652
19.73,9.75999
19.74,10.078
19.75,9.93969
19.76,9.94514
19.77,9.536
19.78,10.0052
19.79,9.99298
19.8,9.95345
19.81,10.1304
19.82,9.75272
19.83,10.1891
19.84,9.80071
19.85,9.85546
19.86,9.95471
19.87,10.2918
19.88,9.52392
19.89,10.0114
19.9,10.0027
19.91,10.0968
19.92,10.096
19.93,10.0202
19.94,9.52888
19.95,10.4177
19.96,9.84799
19.97,9.93683
19.98,9.80532
19.99,9.92461
20,10.1869
20.01,9.89443
20.02,9.94835
20.03,9.71005
20.04,10.0475
20.05,10.0953
20.06,9.81433
20.07,-990.077
20.08,9.79882
20.09,10.0266
20.1,9.9031
20.11,9.97147
20.12,9.92398
20.13,9.77298
20.14,9.85553
20.15,10.1543
20.16,9.8892
20.17,9.98349
20.18,9.76236
20.19,9.77514
20.2,10.2648
20.21,9.87313
20.22,9.89011
20.23,9.86782
20.24,10.0617
20.25,9.94291
20.26,9.94144
20.27,9.91211
20.28,9.80294
20.29,10.0313
20.3,9.9575
20.31,9.91064
20.32,9.73477
20.33,9.96994
20.34,10.085
20.35,9.81083
20.36,9.74078
20.37,10.1526
20.38,9.9288
20.39,10.0647
20.4,9.81991
20.41,10.1207
20.42,9.86182
20.43,9.91693
20.44,9.84296
20.45,10.1301
20.46,9.88375
20.47,9.89625
20.48,9.90931
20.49,9.95178
20.5,9.92572
20.51,9.95345
20.52,9.57595
20.53,10.1485
20.54,9.9677
20.55,10.1332
20.56,9.94137
20.57,9.94249
20.58,9.63343
20.59,9.98691
20.6,9.94221
20.61,10.0595
20.62,9.91993
20.63,9.81062
20.64,10.0623
20.65,9.93704
20.66,9.72227
20.67,10.0325
20.68,10.1079
20.69,9.77228
20.7,10.1269
20.71,9.88082
20.72,9.9075
20.73,9.65166
20.74,10.2478
20.75,9.80748
20.76,10.066
20.77,9.9156
20.78,9.77144
20.79,9.9691
20.8,10.0794
20.81,9.91267
20.82,9.92789
20.83,9.77626
20.84,10.0462
20.85,9.95967
20.86,9.93236
20.87,9.70397
20.88,9.81377
20.89,10.1697
20.9,10.074
20.91,9.92091
20.92,9.9443
20.93,9.75433
20.94,10.0181
20.95,10.0212
20.96,9.91755
20.97,9.96924
20.98,9.80497
20.99,9.86363
21,10.056
21.01,10.0038
21.02,9.64963
21.03,9.95953
21.04,10.0679
21.05,10.1227
21.06,9.9596
21.07,-990.055
21.08,9.65983
21.09,10.2089
21.1,10.0512
21.11,9.70753
21.12,9.92684
21.13,9.76096
21.14,10.0311
21.15,9.96589
21.16,9.91238
21.17,9.94333
21.18,9.78478
21.19,10.0774
21.2,9.62582
21.21,10.2335
21.22,9.93564
21.23,9.77081
21.24,9.97008
21.25,10.0842
21.26,9.93222
21.27,9.94402
21.28,9.73191
21.29,10.1443
21.3,9.60486
21.31,9.94088
21.32,10.25
21.33,9.74665
21.34,10.0731
21.35,9.94123
21.36,9.94249
21.37,9.96505
21.38,9.72108
21.39,10.0647
21.4,9.94528
21.41,9.88857
21.42,9.879
21.43,9.92684
21.44,10.0108
21.45,9.95373
21.46,9.69992
21.47,9.84101
21.48,9.94808
21.49,10.0264
21.5,9.94144
21.51,10.3319
21.52,9.60354
21.53,10.2985
21.54,9.72912
21.55,10.0608
21.56,10.0408
21.57,9.96107
21.58,9.70369
21.59,10.0626
21.6,10.1024
21.61,9.57609
21.62,9.99368
21.63,9.86482
21.64,10.0923
21.65,10.0748
21.66,9.70013
21.67,10.1517
21.68,9.77277
21.69,10.0915
21.7,9.95108
21.71,9.92957
21.72,9.93445
21.73,9.73882
21.74,10.0903
21.75,9.95324
21.76,9.87376
21.77,9.96575
21.78,9.74288
21.79,9.96819
21.8,9.80517
21.81,9.87977
21.82,10.2438
21.83,9.79554
21.84,10.0266
21.85,10.0856
21.86,9.7162
21.87,10.0192
21.88,9.84296
21.89,10.1619
21.9,9.8056
21.91,10.0827
21.92,9.91651
21.93,9.72995
21.94,10.0843
21.95,9.96589
21.96,9.88061
21.97,9.87425
21.98,9.89171
21.99,10.0915
22,9.98202
22.01,9.7046
22.02,9.77738
22.03,10.0702
22.04,10.036
22.05,10.0859
22.06,9.67066
22.07,-990.092
22.08,10.0357
22.09,9.85036
22.1,9.93439
22.11,10.0367
22.12,9.98907
22.13,9.98104
22.14,9.77528
22.15,10.1255
22.16,10.083
22.17,9.81845
22.18,9.77766
22.19,10.1315
22.2,10.0723
22.21,9.91092
22.22,9.93599
22.23,9.73722
22.24,10.1531
22.25,9.88738
22.26,9.94849
22.27,9.83786
22.28,9.84401
22.29,10.0862
22.3,9.94843
22.31,9.84087
22.32,9.82508
22.33,9.95764
22.34,10.0944
22.35,9.95031
22.36,9.91322
22.37,9.83241
22.38,9.99913
22.39,9.8049
22.4,10.1033
22.41,9.94458
22.42,9.62156
22.43,10.0446
22.44,10.0652
22.45,10.0022
22.46,9.60975
22.47,10.0718
22.48,9.9802
22.49,9.93131
22.5,10.1222
22.51,9.91022
22.52,9.93138
22.53,9.89793
22.54,9.80008
22.55,10.1394
22.56,9.83633
22.57,9.84059
22.58,9.8783
22.59,10.0162
22.6,10.1965
22.61,9.82438
22.62,9.86433
22.63,9.75615
22.64,10.0799
22.65,10.0816
22.66,9.60954
22.67,9.98048
22.68,9.89318
22.69,10.1119
22.7,9.84561
22.71,10.0535
22.72,9.93089
22.73,9.72877
22.74,10.0971
22.75,9.93034
22.76,9.93718
22.77,9.89576
22.78,9.6541
22.79,10.1305
22.8,10.071
22.81,9.86734
22.82,10.0158
22.83,9.59467
22.84,10.1378
22.85,10.063
22.86,9.68071
22.87,10.0699
22.88,9.74707
22.89,10.1429
22.9,9.97846
22.91,10.066
22.92,9.9457
22.93,9.71242
22.94,9.85861
22.95,10.1975
22.96,9.92789
22.97,9.92775
22.98,9.71696
22.99,10.0067
23,9.95247
23.01,10.0707
23.02,9.81509
23.03,9.88501
23.04,10.2596
23.05,9.9369
23.06,9.5075
23.07,-989.765
23.08,9.68085
23.09,10.1061
23.1,9.74427
23.11,10.2818
23.12,9.92754
23.13,9.72066
23.14,10.1464
23.15,9.94074
23.16,9.95443
23.17,9.945
23.18,9.62756
23.19,9.78904
23.2,10.2608
23.21,9.80371
23.22,10.0915
23.23,9.72779
23.24,9.79428
23.25,10.3509
23.26,9.6152
23.27,10.145
23.28,9.77577
23.29,9.89646
23.3,10.0366
23.31,9.94947
23.32,10.0794
23.33,9.76704
23.34,10.0352
23.35,9.95897
23.36,9.82229
23.37,9.68952
23.38,10.1144
23.39,10.0835
23.4,9.9244
23.41,9.98858
23.42,9.9339
23.43,9.73771
23.44,9.80476
23.45,10.2307
23.46,9.71578
23.47,10.1772
23.48,9.70174
23.49,10.031
23.5,9.96847
23.51,10.0803
23.52,9.81391
23.53,9.95443
23.54,9.95282
23.55,10.0447
23.56,9.92908
23.57,9.93005
23.58,9.90568
23.59,9.8943
23.6,10.0401
23.61,9.77619
23.62,10.0675
23.63,9.72248
23.64,9.86838
23.65,10.3415
23.66,9.53237
23.67,9.91364
23.68,10.0108
23.69,9.86594
23.7,10.3461
23.71,9.89925
23.72,9.84017
23.73,9.86168
23.74,10.1068
23.75,9.77005
23.76,10.1028
23.77,9.93299
23.78,9.73813
23.79,10.0808
23.8,9.84324
23.81,10.0855
23.82,9.90596
23.83,9.7331
23.84,10.1089
23.85,9.60193
23.86,10.0405
23.87,10.169
23.88,9.68903
23.89,10.0857
23.9,10.0744
23.91,9.94207
23.92,9.88557
23.93,9.76823
23.94,9.99257
23.95,10.0772
23.96,9.93641
23.97,9.93711
23.98,9.71871
23.99,9.90764
24,10.1468
24.01,9.91553
24.02,9.96302
24.03,9.75154
24.04,10.0567
24.05,9.95136
24.06,9.68134
24.07,-989.791
24.08,9.605
24.09,10.1647
24.1,9.94368
24.11,10.0414
24.12,9.99878
24.13,9.7185
24.14,10.1138
24.15,9.92195
24.16,9.96037
24.17,9.81321
24.18,9.87264
24.19,9.8607
24.2,10.0138
24.21,10.186
24.22,9.66465
24.23,9.91644
24.24,10.088
24.25,9.95108
24.26,9.65522
24.27,10.1935
24.28,9.70733
24.29,10.1878
24.3,9.68288
24.31,10.0633
24.32,9.9735
24.33,9.73163
24.34,9.9765
24.35,10.2707
24.36,9.91958
24.37,9.97084
24.38,9.70537
24.39,10.1589
24.4,9.89255
24.41,9.93753
24.42,9.87216
24.43,9.772
24.44,10.0982
24.45,9.82683
24.46,9.77011
24.47,10.4301
24.48,9.46762
24.49,10.1052
24.5,9.84869
24.51,10.006
24.52,9.92712
24.53,9.8519
24.54,9.97042
24.55,10.0717
24.56,9.94451
24.57,9.81181
24.58,9.85155
24.59,10.0966
24.6,9.95681
24.61,9.95171
24.62,9.89458
24.63,9.72115
24.64,10.1255
24.65,9.91693
24.66,9.9163
24.67,10.0693
24.68,9.55856
24.69,9.82347
24.7,10.0621
24.71,10.3386
24.72,9.86196
24.73,9.55213
24.74,10.3546
24.75,10.0407
24.76,9.4225
24.77,10.2478
24.78,9.72248
24.79,10.1056
24.8,9.96435
24.81,9.90289
24.82,9.71312
24.83,9.8269
24.84,9.93976
24.85,10.3032
24.86,9.94368
24.87,9.61723
24.88,9.98872
24.89,10.094
24.9,10.0616
24.91,9.95115
24.92,9.91015
24.93,9.64118
24.94,10.2256
24.95,9.94961
24.96,9.93767
24.97,9.91259
24.98,9.73533
24.99,10.098
25,9.95262
25.01,9.92349
25.02,9.94863
25.03,9.72583
25.04,10.0975
25.05,9.94752
25.06,9.91211
25.07,-990.248
25.08,9.86943
25.09,10.0974
25.1,9.98006
25.11,10.0633
25.12,9.85295
25.13,9.97734
25.14,9.90798
25.15,10.0131
25.16,9.94123
25.17,9.92922
25.18,9.72339
25.19,10.048
25.2,9.89555
25.21,10.2008
25.22,9.86671
25.23,9.5997
25.24,10.1818
25.25,10.2063
25.26,9.83276
25.27,9.97119
25.28,9.5983
25.29,9.9786
25.3,10.0304
25.31,10.0244
25.32,9.90002
25.33,9.75852
25.34,10.0207
25.35,10.0419
25.36,9.81565
25.37,10.0944
25.38,9.71857
25.39,9.98272
25.4,10.103
25.41,9.92649
25.42,9.93543
25.43,9.70698
25.44,9.90854
25.45,10.1525
25.46,9.93753
25.47,9.92768
25.48,9.71997
25.49,9.98642
25.5,9.98565
25.51,10.0695
25.52,9.92014
25.53,9.73142
25.54,10.1073
25.55,9.79198
25.56,10.1158
25.57,9.92489
25.58,9.72521
25.59,10.0959
25.6,9.96023
25.61,9.94598
25.62,9.92084
25.63,9.72199
25.64,9.80273
25.65,10.3077
25.66,9.81321
25.67,10.0007
25.68,9.725
25.69,9.93592
25.7,10.0305
25.71,10.145
25.72,9.71131
25.73,9.79386
25.74,9.94633
25.75,10.2557
25.76,9.98258
25.77,9.96177
25.78,9.64391
25.79,9.81991
25.8,10.1934
25.81,10.0237
25.82,9.91287
25.83,9.74497
25.84,10.104
25.85,9.73638
25.86,10.1431
25.87,9.92559
25.88,9.72528
25.89,10.0134
25.9,9.75021
25.91,10.0549
25.92,10.1924
25.93,9.69706
25.94,9.99215
25.95,10.0801
25.96,9.94242
25.97,9.93075
25.98,9.72073
25.99,9.99536
26,10.0855
26.01,9.92789
26.02,9.93292
26.03,9.71976
26.04,10.1185
26.05,9.92663
26.06,9.93194
26.07,-990.198
26.08,9.76921
26.09,9.95275
26.1,9.96421
26.11,10.2177
26.12,9.88557
26.13,9.76788
26.14,9.96316
26.15,10.1695
26.16,9.72318
26.17,10.1867
26.18,9.76536
26.19,9.97999
26.2,9.93879
26.21,10.2511
26.22,9.98181
26.23,9.61779
26.24,9.94472
26.25,9.97147
26.26,9.94458
26.27,9.93795
26.28,10.0917
26.29,9.80308
26.3,9.97489
26.31,9.93103
26.32,9.96568
26.33,9.92126
26.34,10.0758
26.35,9.87264
26.36,9.93893
26.37,10.1165
26.38,9.86154
26.39,9.87125
26.4,9.96169
26.41,9.964
26.42,9.92943
26.43,10.2379
26.44,9.69028
26.45,9.95932
26.46,9.97615
26.47,9.97825
26.48,9.9559
26.49,9.9742
26.5,9.93557
26.51,9.89555
26.52,10.0278
26.53,9.94179
26.54,9.94961
26.55,9.98055
26.56,10.0068
26.57,10.2138
26.58,9.71571
26.59,9.9552
26.6,9.97636
26.61,10.0378
26.62,9.91127
26.63,9.98328
26.64,10.0078
26.65,9.92077
26.66,10.0201
26.67,9.90868
26.68,10.0295
26.69,9.9677
26.7,9.9786
26.71,9.94011
26.72,9.9633
26.73,10.0099
26.74,9.96938
26.75,9.98055
26.76,9.96414
26.77,9.93166
26.78,9.96037
26.79,9.99829
26.8,9.93676
26.81,10.0398
26.82,9.95674
26.83,10.0063
26.84,9.81132
26.85,9.95848
26.86,9.92531
26.87,9.96903
26.88,9.98544
26.89,9.92677
26.9,9.95248
26.91,9.95038
26.92,9.96533
26.93,9.96959
26.94,9.95639
26.95,9.97671
26.96,9.95925
26.97,9.96665
26.98,10.0262
26.99,9.91113
27,10.2272
27.01,10.0322
27.02,9.91762
27.03,9.61401
27.04,10.1246
27.05,9.99229
27.06,9.93201
27.07,-989.899
27.08,9.73233
27.09,10.1248
27.1,9.9054
27.11,9.94284
27.12,9.7236
27.13,9.79728
27.14,10.3501
27.15,9.87167
27.16,9.96589
27.17,9.94486
27.18,9.81733
27.19,9.74616
27.2,10.5376
27.21,9.80029
27.22,9.74665
27.23,9.81907
27.24,10.0776
27.25,10.0563
27.26,9.88976
27.27,9.92342
27.28,9.71829
27.29,10.0362
27.3,10.1686
27.31,9.8241
27.32,9.96672
27.33,9.66556
27.34,10.0823
27.35,10.2024
27.36,9.94158
27.37,9.69238
27.38,9.75768
27.39,9.99557
27.4,9.77871
27.41,10.271
27.42,9.57518
27.43,10.0408
27.44,9.88207
27.45,9.94822
27.46,9.96065
27.47,9.97741
27.48,10.0697
27.49,10.0198
27.5,10.101
27.51,10.0053
27.52,9.87928
27.53,9.60081
27.54,9.9487
27.55,9.94249
27.56,9.97392
27.57,9.92642
27.58,9.94095
27.59,9.95841
27.6,10.0632
27.61,9.88703
27.62,9.92915
27.63,9.98537
27.64,9.94123
27.65,9.98307
27.66,9.99885
27.67,9.88389
27.68,9.96134
27.69,9.98886
27.7,10.0248
27.71,9.85609
27.72,9.964
27.73,9.96142
27.74,9.98754
27.75,10.0056
27.76,9.91469
27.77,9.96554
27.78,9.93788
27.79,9.94556
27.8,10.0174
27.81,9.89562
27.82,10.0145
27.83,9.94312
27.84,9.98921
27.85,9.90938
27.86,9.96428
27.87,10.0597
27.88,9.89192
27.89,10.0353
27.9,9.92782
27.91,10.0015
27.92,9.96114
27.93,9.96903
27.94,9.95771
27.95,9.96156
27.96,9.94926
27.97,9.99061
27.98,10.0067
27.99,9.93034
28,10.0095
28.01,9.84925
28.02,9.97713
28.03,9.95778
28.04,9.95674
28.05,10.0004
28.06,9.88927
28.07,-990.025
28.08,9.94668
28.09,9.94919
28.1,9.96756
28.11,9.96023
28.12,9.95953
28.13,9.97189
28.14,9.92985
28.15,9.97706
28.16,9.96533
28.17,9.93997
28.18,9.96742
28.19,9.94326
28.2,9.99306
28.21,9.97161
28.22,9.91567
28.23,10.2191
28.24,9.70621
28.25,9.97853
28.26,9.95785
28.27,10.0049
28.28,9.99585
28.29,9.83346
28.3,9.95827
28.31,10.0459
28.32,9.87628
28.33,9.92677
28.34,9.96135
28.35,9.96274
28.36,9.97189
28.37,10.046
28.38,9.95276
28.39,9.95604
28.4,9.95185
28.41,9.92293
28.42,10.0201
28.43,9.99508
28.44,9.88885
28.45,10.0364
28.46,9.9911
28.47,9.95129
28.48,9.93048
28.49,9.94619
28.5,9.99585
28.51,9.98237
28.52,9.94235
28.53,9.96072
28.54,9.96519
28.55,9.98405
28.56,9.9288
28.57,10.0058
28.58,9.97937
28.59,9.94137
28.6,9.92153
28.61,9.97797
28.62,9.96889
28.63,9.97469
28.64,9.94123
28.65,9.9355
28.66,9.96805
28.67,9.94829
28.68,9.95129
28.69,9.98516
28.7,9.95974
28.71,10.1257
28.72,9.76683
28.73,9.9802
28.74,9.93599
28.75,10.0055
28.76,9.94277
28.77,9.94116
28.78,10.0205
28.79,9.87509
28.8,10.0172
28.81,9.93068
28.82,9.94926
28.83,9.97909
28.84,9.8848
28.85,9.9552
28.86,9.93027
28.87,9.97874
28.88,9.95108
28.89,9.95373
28.9,10.0008
28.91,9.99508
28.92,9.92775
28.93,9.94074
28.94,9.95876
28.95,9.97923
28.96,9.94417
28.97,9.98356
28.98,9.96477
28.99,9.96149
29,9.95904
29.01,9.96393
29.02,9.96037
29.03,9.95792
29.04,9.96484
29.05,9.9362
29.06,9.97008
29.07,-989.74
29.08,9.61751
29.09,10.1698
29.1,10.0905
29.11,9.90708
29.12,9.82976
29.13,9.87257
29.14,9.98384
29.15,10.0914
29.16,9.92978
29.17,9.70202
29.18,9.99899
29.19,9.94598
29.2,10.0767
29.21,9.80636
29.22,10.0846
29.23,9.64586
29.24,10.0709
29.25,10.0739
29.26,10.0436
29.27,9.71354
29.28,9.87753
29.29,9.81223
29.3,10.1575
29.31,10.1017
29.32,9.77039
29.33,9.87698
29.34,10.0017
29.35,9.95778
29.36,10.0554
29.37,9.93418
29.38,9.59593
29.39,9.98356
29.4,9.94298
29.41,9.95213
29.42,9.98523
29.43,9.97874
29.44,9.91623
29.45,10.5315
29.46,9.40623
29.47,10.0915
29.48,9.83542
29.49,10.0451
29.5,10.0025
29.51,9.63748
29.52,10.3207
29.53,9.70886
29.54,10.1282
29.55,9.67108
29.56,9.99655
29.57,9.96665
29.58,9.93858
29.59,9.97077
29.6,9.94102
29.61,9.95157
29.62,9.9654
29.63,9.961
29.64,9.92992
29.65,10.0165
29.66,9.93222
29.67,9.91071
29.68,9.96484
29.69,9.99312
29.7,9.95304
29.71,9.94095
29.72,9.96575
29.73,9.97315
29.74,9.98083
29.75,10.0007
29.76,10.0581
29.77,9.85735
29.78,9.98495
29.79,9.97762
29.8,9.97978
29.81,10.0744
29.82,9.84045
29.83,10.0591
29.84,9.939
29.85,9.95764
29.86,9.98146
29.87,9.94417
29.88,9.97888
29.89,9.9566
29.9,9.94577
29.91,9.9809
29.92,9.93865
29.93,9.96547
29.94,9.96351
29.95,9.9918
29.96,9.94528
29.97,9.94968
29.98,9.96177
29.99,9.9698
30,9.96987
30.01,9.96211
30.02,9.97385
30.03,9.96686
30.04,9.95576
30.05,9.96316
30.06,9.97462
30.07,-990.04
30.08,9.95904
30.09,9.95115
30.1,9.9661
30.11,9.95646
30.12,9.95743
30.13,9.96526
30.14,9.95394
30.15,9.95234
30.16,9.9698
30.17,9.95471
30.18,9.9464
30.19,9.96218
30.2,10.0297
30.21,9.88256
30.22,9.96819
30.23,9.97036
30.24,9.92154
30.25,9.96086
30.26,9.97029
30.27,10.0224
30.28,9.89968
30.29,9.96805
30.3,9.98286
30.31,9.94396
30.32,9.95862
30.33,9.94731
30.34,9.95946
30.35,9.96624
30.36,9.98349
30.37,9.9633
30.38,9.96016
30.39,10.0028
30.4,9.87467
30.41,9.98635
30.42,9.92321
30.43,10.0374
30.44,9.89388
30.45,9.88305
30.46,9.97071
30.47,10.2207
30.48,9.71696
30.49,9.94137
30.5,10.1158
30.51,9.79219
30.52,10.0136
30.53,9.89122
30.54,9.9955
30.55,9.89933
30.56,9.95296
30.57,10.2133
30.58,10.2145
30.59,9.47475
30.6,9.91749
30.61,9.97706
30.62,9.95359
30.63,10.2596
30.64,9.61038
30.65,9.98307
30.66,9.9619
30.67,9.96924
30.68,9.9698
30.69,9.9765
30.7,9.94319
30.71,9.93411
30.72,9.97077
30.73,9.96246
30.74,9.94989
30.75,9.93585
30.76,9.93327
30.77,10.0621
30.78,9.88494
30.79,9.98181
30.8,9.92153
30.81,10.0153
30.82,9.94004
30.83,10.338
30.84,9.56917
30.85,10.0025
30.86,9.961
30.87,9.96679
30.88,9.9348
30.89,10.1034
30.9,9.81419
30.91,9.99822
30.92,9.9406
30.93,9.98628
30.94,9.91504
30.95,9.96868
30.96,9.99159
30.97,9.9464
30.98,9.97818
30.99,9.88983
31,10.0308
31.01,9.92433
31.02,9.97601
31.03,9.96358
31.04,9.9758
31.05,9.97008
31.06,9.97196
31.07,-989.701
31.08,9.78339
31.09,9.7852
31.1,9.95359
31.11,10.0025
31.12,9.99012
31.13,9.9786
31.14,9.93648
31.15,9.92607
31.16,9.97944
31.17,10.0157
31.18,9.94249
31.19,10.0871
31.2,9.83144
31.21,9.99187
31.22,9.92635
31.23,9.99571
31.24,9.96016
31.25,9.86343
31.26,9.97944
31.27,9.97182
31.28,9.94619
31.29,9.98069
31.3,9.93935
31.31,10.0241
31.32,9.89884
31.33,9.99333
31.34,10.0014
31.35,9.9214
31.36,9.95492
31.37,9.97972
31.38,9.94891
31.39,9.97357
31.4,9.97077
31.41,9.92677
31.42,9.96016
31.43,9.97943
31.44,9.96735
31.45,9.94193
31.46,9.94738
31.47,9.99822
31.48,9.9573
31.49,9.98041
31.5,9.93746
31.51,9.94598
31.52,9.98188
31.53,10.0153
31.54,9.91434
31.55,9.91427
31.56,9.98412
31.57,10.261
31.58,9.82955
31.59,9.78946
31.6,9.91693
31.61,9.99899
31.62,9.96561
31.63,9.96204
31.64,9.97287
31.65,9.88962
31.66,9.95192
31.67,9.95946
31.68,9.99501
31.69,9.86273
31.7,9.91937
31.71,10.0193
31.72,9.92517
31.73,10.1385
31.74,9.79665
31.75,9.96526
31.76,9.99578
31.77,9.97105
31.78,9.94018
31.79,10.0487
31.8,9.97008
31.81,9.90373
31.82,9.97434
31.83,10.0295
31.84,9.92049
31.85,10.0265
31.86,9.9531
31.87,9.9494
31.88,9.93571
31.89,10.0434
31.9,9.88194
31.91,9.99836
31.92,9.95639
31.93,9.96121
31.94,9.97895
31.95,9.93921
31.96,9.97238
31.97,9.97622
31.98,9.95276
31.99,10.0121
32,9.90833
32.01,9.97133
32.02,9.99152
32.03,10.274
32.04,9.64146
32.05,9.99019
32.06,9.94186
32.07,-989.735
32.08,9.69273
32.09,9.92342
32.1,9.93739
32.11,9.97154
32.12,9.93501
32.13,10.0299
32.14,9.8943
32.15,9.95373
32.16,9.96177
32.17,10.254
32.18,9.70691
32.19,9.90841
32.2,9.95408
32.21,9.95276
32.22,9.96253
32.23,10.2505
32.24,9.64817
32.25,9.96819
32.26,9.97224
32.27,10.0292
32.28,9.95688
32.29,9.89171
32.3,9.95757
32.31,9.96547
32.32,10.315
32.33,9.62072
32.34,9.92489
32.35,9.97301
32.36,10.0527
32.37,10.1462
32.38,10.1545
32.39,9.6972
32.4,9.81803
32.41,10.0876
32.42,9.83102
32.43,9.80392
32.44,9.85672
32.45,10.1366
32.46,9.78869
32.47,10.411
32.48,9.50806
32.49,10.0647
32.5,9.95276
32.51,10.0653
32.52,9.93578
32.53,9.83053
32.54,9.94305
32.55,10.0491
32.56,9.64621
32.57,10.5508
32.58,9.65851
32.59,9.60542
32.6,10.0151
32.61,9.90107
32.62,9.9999
32.63,9.92636
32.64,9.93369
32.65,9.96882
32.66,9.98286
32.67,9.96267
32.68,9.93921
32.69,10.0006
32.7,9.92133
32.71,9.95499
32.72,9.99341
32.73,9.93774
32.74,9.97943
32.75,9.93215
32.76,9.95464
32.77,9.96624
32.78,9.9925
32.79,9.93194
32.8,9.94675
32.81,10.1839
32.82,9.75426
32.83,10.0287
32.84,9.86978
32.85,9.93062
32.86,9.99396
32.87,10.2719
32.88,9.61087
32.89,9.95569
32.9,10.1633
32.91,9.77647
32.92,9.91399
32.93,9.9742
32.94,9.95478
32.95,9.94263
32.96,9.96533
32.97,9.95066
32.98,9.9619
32.99,9.96218
33,9.95227
33.01,9.97106
33.02,9.95038
33.03,9.97601
33.04,10.0067
33.05,10.3555
33.06,9.80965
33.07,-990.049
33.08,9.8922
33.09,9.98593
33.1,10.0725
33.11,9.36614
33.12,9.97881
33.13,9.97664
33.14,9.91825
33.15,9.96638
33.16,9.96624
33.17,10.1638
33.18,9.77249
33.19,9.94891
33.2,9.94528
33.21,9.98516
33.22,9.93159
33.23,9.98237
33.24,9.94563
33.25,9.93991
33.26,9.97622
33.27,9.9816
33.28,10.0368
33.29,9.85546
33.3,9.92754
33.31,9.96798
33.32,9.96589
33.33,10.1585
33.34,9.7713
33.35,9.94549
33.36,9.96854
33.37,9.94067
33.38,9.98286
33.39,9.92628
33.4,9.96728
33.41,10.3012
33.42,9.91204
33.43,9.59956
33.44,9.94542
33.45,9.989
33.46,9.9362
33.47,9.95904
33.48,9.97273
33.49,9.98349
33.5,10.1527
33.51,9.95227
33.52,9.98928
33.53,9.73135
33.54,9.95534
33.55,9.97517
33.56,9.94773
33.57,9.96288
33.58,9.95415
33.59,9.92698
33.6,9.95527
33.61,9.96547
33.62,9.95946
33.63,9.98789
33.64,9.92845
33.65,9.99096
33.66,9.94598
33.67,9.95227
33.68,9.9728
33.69,9.93872
33.7,9.96889
33.71,9.97266
33.72,10.0664
33.73,10.1349
33.74,9.83724
33.75,10.0702
33.76,9.82061
33.77,10.076
33.78,9.75629
33.79,9.82103
33.8,10.2337
33.81,9.92105
33.82,9.8996
33.83,9.73897
33.84,9.81698
33.85,10.1779
33.86,10.1142
33.87,9.97091
33.88,9.71054
33.89,10.0553
33.9,9.7222
33.91,10.188
33.92,9.79456
33.93,9.85986
33.94,10.185
33.95,9.86391
33.96,9.59404
33.97,9.97126
33.98,10.0219
33.99,10.0002
34,10.0691
34.01,10.0564
34.02,9.85106
34.03,9.93432
34.04,9.95276
34.05,9.93439
34.06,9.77081
34.07,-989.662
34.08,9.80567
34.09,9.82124
34.1,9.98761
34.11,10.1066
34.12,9.90589
34.13,9.87404
34.14,10.0748
34.15,10.0792
34.16,9.68358
34.17,9.91455
34.18,9.88689
34.19,9.82508
34.2,10.1079
34.21,9.90973
34.22,9.81258
34.23,10.0446
34.24,9.92657
34.25,9.94689
34.26,9.62973
34.27,10.2601
34.28,9.89262
34.29,9.64796
34.3,10.2621
34.31,9.68456
34.32,9.90296
34.33,9.99278
34.34,9.86685
34.35,10.4486
34.36,9.82683
34.37,9.91637
34.38,9.69049
34.39,9.86901
34.4,10.2796
34.41,9.60151
34.42,10.2627
34.43,9.73408
34.44,9.92168
34.45,9.88962
34.46,10.1821
34.47,9.92056
34.48,9.62519
34.49,9.95164
34.5,9.96854
34.51,9.9244
34.52,9.90631
34.53,10.054
34.54,9.93634
34.55,9.93599
34.56,9.95618
34.57,9.95073
34.58,9.96051
34.59,9.9786
34.6,9.94214
34.61,9.95974
34.62,9.95611
34.63,9.96714
34.64,9.96016
34.65,9.99117
34.66,9.92265
34.67,10.0174
34.68,10.0007
34.69,9.82941
34.7,9.94752
34.71,9.96358
34.72,10.0052
34.73,9.94228
34.74,9.9617
34.75,9.97972
34.76,10.121
34.77,10.0897
34.78,9.71396
34.79,9.78813
34.8,9.95569
34.81,10.2659
34.82,9.73058
34.83,9.87216
34.84,10.2292
34.85,9.63106
34.86,9.91288
34.87,10.1749
34.88,9.77682
34.89,9.96707
34.9,9.98691
34.91,10.23
34.92,9.66703
34.93,9.98488
34.94,9.85491
34.95,10.1954
34.96,9.92824
34.97,9.87439
34.98,9.8005
34.99,10.0117
35,9.95471
35.01,10.2074
35.02,9.4795
35.03,9.97504
35.04,9.9105
35.05,10.3219
35.06,9.78821
35.07,-990.029
35.08,9.68134
35.09,9.92147
35.1,9.95073
35.11,10.355
35.12,9.69971
35.13,9.88829
35.14,10.123
35.15,10.0804
35.16,9.82843
35.17,9.54005
35.18,9.89485
35.19,9.95429
35.2,10.0193
35.21,9.89025
35.22,10.0287
35.23,10.0878
35.24,9.99026
35.25,9.958
35.26,10.078
35.27,9.93425
35.28,9.68009
35.29,10.1453
35.3,9.96218
35.31,9.76942
35.32,9.84597
35.33,9.97126
35.34,10.0969
35.35,9.68505
35.36,10.056
35.37,10.0886
35.38,9.73813
35.39,10.0025
35.4,10.0635
35.41,9.94612
35.42,9.88934
35.43,9.72604
35.44,10.0025
35.45,10.0628
35.46,9.94095
35.47,9.86957
35.48,9.7785
35.49,10.1092
35.5,9.83479
35.51,10.06
35.52,9.92552
35.53,9.62505
35.54,10.1406
35.55,10.0697
35.56,9.79561
35.57,10.0588
35.58,9.68952
35.59,10.1063
35.6,9.58412
35.61,10.2707
35.62,9.64118
35.63,9.98405
35.64,10.1149
35.65,10.2373
35.66,9.838
35.67,9.93683
35.68,9.64405
35.69,9.80846
35.7,9.93795
35.71,10.3347
35.72,9.60535
35.73,9.98998
35.74,10.0953
35.75,9.98782
35.76,10.054
35.77,9.94151
35.78,9.90072
35.79,9.835
35.8,9.98691
35.81,9.69364
35.82,9.94556
35.83,10.2376
35.84,9.6687
35.85,9.97657
35.86,9.91672
35.87,10.0167
35.88,9.94123
35.89,9.91888
35.9,10.0332
35.91,10.1405
35.92,9.96861
35.93,9.88305
35.94,10.1142
35.95,9.93383
35.96,9.90722
35.97,9.63588
35.98,9.96994
35.99,9.93327
36,9.93222
36.01,9.94766
36.02,9.99194
36.03,9.97978
36.04,9.94947
36.05,9.96135
36.06,9.93299
36.07,-990.01
36.08,9.95681
36.09,9.94228
36.1,9.95248
36.11,9.98761
36.12,9.92705
36.13,9.97231
36.14,9.91602
36.15,10.0563
36.16,9.91567
36.17,9.98991
36.18,9.94025
36.19,9.97678
36.2,9.97462
36.21,9.95457
36.22,9.99243
36.23,9.96407
36.24,9.96135
36.25,9.98984
36.26,9.96798
36.27,9.98076
36.28,9.95785
36.29,9.97532
36.3,10.0091
36.31,9.92363
36.32,9.97371
36.33,9.9573
36.34,9.98335
36.35,10.016
36.36,9.90862
36.37,9.97601
36.38,9.97825
36.39,10.0104
36.4,9.93941
36.41,10.047
36.42,10.0666
36.43,9.76669
36.44,10.0848
36.45,9.86315
36.46,9.94933
36.47,10.0735
36.48,9.86475
36.49,9.81684
36.5,9.95541
36.51,10.0639
36.52,9.9793
36.53,9.71955
36.54,10.063
36.55,9.85113
36.56,10.0964
36.57,9.93152
36.58,9.82878
36.59,9.65376
36.6,9.94989
36.61,9.96009
36.62,10.1401
36.63,9.79295
36.64,10.2583
36.65,9.98991
36.66,9.85155
36.67,9.93264
36.68,9.85539
36.69,9.82753
36.7,9.95401
36.71,10.0906
36.72,9.92412
36.73,9.85421
36.74,9.83514
36.75,10.3066
36.76,9.82927
36.77,10.0819
36.78,9.36544
36.79,9.94389
36.8,10.1552
36.81,10.0423
36.82,9.73554
36.83,9.81251
36.84,9.9376
36.85,10.355
36.86,9.88675
36.87,9.82725
36.88,9.73631
36.89,9.97092
36.9,9.95464
36.91,9.95785
36.92,10.0385
36.93,9.99934
36.94,9.76516
36.95,10.1834
36.96,9.83779
36.97,10.1481
36.98,9.83577
36.99,9.95876
37,9.73848
37.01,9.99019
37.02,9.95087
37.03,9.95213
37.04,9.97259
37.05,9.91644
37.06,10.2513
37.07,-990.051
37.08,10.1397
37.09,9.58845
37.1,10.3167
37.11,9.58007
37.12,9.86
37.13,9.8797
37.14,10.1376
37.15,10.1601
37.16,9.51239
37.17,10.1657
37.18,9.73072
37.19,9.9999
37.2,9.93676
37.21,10.187
37.22,9.72863
37.23,9.98886
37.24,10.3816
37.25,9.49528
37.26,9.97573
37.27,9.94591
37.28,10.0105
37.29,9.90813
37.3,10.1193
37.31,9.77787
37.32,10.2485
37.33,9.81963
37.34,9.96547
37.35,9.98572
37.36,9.94256
37.37,9.94612
37.38,10.044
37.39,9.82983
37.4,9.97608
37.41,9.75245
37.42,10.079
37.43,10.0927
37.44,9.86126
37.45,10.0188
37.46,9.5485
37.47,10.3092
37.48,9.86957
37.49,9.83416
37.5,9.79316
37.51,9.93187
37.52,10.0384
37.53,9.96002
37.54,9.77291
37.55,10.2096
37.56,9.81628
37.57,10.1645
37.58,9.69888
37.59,10.0981
37.6,9.89758
37.61,9.93145
37.62,9.59243
37.63,9.96631
37.64,9.90156
37.65,10.2906
37.66,9.61918
37.67,10.2457
37.68,9.65774
37.69,10.1017
37.7,9.90324
37.71,10.1298
37.72,9.55912
37.73,9.98426
37.74,10.2513
37.75,9.90107
37.76,9.69042
37.77,9.87362
37.78,10.0042
37.79,9.9978
37.8,10.2483
37.81,9.84003
37.82,10.0794
37.83,9.86908
37.84,9.86266
37.85,9.96784
37.86,9.74553
37.87,10.2762
37.88,9.75733
37.89,9.95618
37.9,9.94472
37.91,10.1601
37.92,9.75489
37.93,10.0491
37.94,9.59837
37.95,10.1633
37.96,9.76097
37.97,9.95087
37.98,9.90568
37.99,10.0271
38,9.93425
38.01,9.95974
38.02,9.98188
38.03,9.96191
38.04,9.88445
38.05,10.0099
38.06,9.95541
38.07,-989.926
38.08,9.86189
38.09,9.9589
38.1,9.97622
38.11,9.95373
38.12,9.96638
38.13,9.95094
38.14,9.98307
38.15,9.97567
38.16,9.96931
38.17,9.95862
38.18,9.94752
38.19,9.98425
38.2,9.9487
38.21,9.95534
38.22,9.97532
38.23,9.96393
38.24,9.9603
38.25,9.98314
38.26,9.96407
38.27,10.0298
38.28,9.87537
38.29,9.9603
38.3,9.96044
38.31,9.96631
38.32,9.98048
38.33,9.98838
38.34,9.95331
38.35,10.063
38.36,9.89507
38.37,10.0181
38.38,9.97336
38.39,9.92957
38.4,9.95786
38.41,9.98523
38.42,9.96973
38.43,9.97245
38.44,9.97008
38.45,10.0083
38.46,9.97196
38.47,9.9786
38.48,9.97064
38.49,9.97587
38.5,9.95178
38.51,10.0477
38.52,9.91595
38.53,9.97783
38.54,9.96742
38.55,10.163
38.56,9.71012
38.57,10.0604
38.58,9.92566
38.59,10.0385
38.6,9.95541
38.61,10.0314
38.62,9.95366
38.63,10.2188
38.64,9.96337
38.65,9.71578
38.66,9.91721
38.67,10.0169
38.68,9.94899
38.69,10.0176
38.7,9.97273
38.71,9.96407
38.72,9.9749
38.73,10.02
38.74,10.3236
38.75,9.58985
38.76,9.94731
38.77,9.99599
38.78,9.97078
38.79,9.98565
38.8,9.90163
38.81,10.0344
38.82,9.9177
38.83,9.99438
38.84,9.97455
38.85,9.95457
38.86,9.99341
38.87,9.97511
38.88,9.99466
38.89,9.96728
38.9,9.92901
38.91,10.0338
38.92,9.92349
38.93,9.98293
38.94,9.9427
38.95,9.98062
38.96,9.99089
38.97,9.9793
38.98,9.9332
38.99,9.96498
39,9.964
39.01,9.97622
39.02,9.98314
39.03,9.98942
39.04,10.0774
39.05,9.98516
39.06,9.9765
39.07,-990.033
39.08,9.97685
39.09,9.96114
39.1,9.96624
39.11,9.95855
39.12,9.97923
39.13,9.96812
39.14,9.94626
39.15,9.96952
39.16,9.97881
39.17,9.9573
39.18,9.97266
39.19,9.97399
39.2,9.94794
39.21,9.97112
39.22,9.97762
39.23,9.98405
39.24,9.96987
39.25,9.94221
39.26,9.97643
39.27,9.93774
39.28,9.99941
39.29,9.96212
39.3,9.96428
39.31,9.97147
39.32,9.95855
39.33,9.98691
39.34,9.96016
39.35,9.97315
39.36,9.96149
39.37,9.95667
39.38,9.96358
39.39,9.95283
39.4,9.99368
39.41,9.95108
39.42,9.96484
39.43,10.1277
39.44,9.81558
39.45,9.98426
39.46,10.0036
39.47,9.95897
39.48,9.98216
39.49,9.942
39.5,9.99396
39.51,9.96903
39.52,9.95443
39.53,9.97308
39.54,9.94361
39.55,9.99704
39.56,9.93802
39.57,9.97252
39.58,9.98565
39.59,9.96218
39.6,9.95401
39.61,9.96344
39.62,9.94186
39.63,10.0178
39.64,9.9705
39.65,9.97308
39.66,9.9515
39.67,9.96079
39.68,9.97008
39.69,9.9978
39.7,9.94053
39.71,9.9705
39.72,9.98886
39.73,10.1316
39.74,9.80043
39.75,9.97008
39.76,10.1361
39.77,9.79533
39.78,9.97538
39.79,9.96093
39.8,9.94682
39.81,9.97385
39.82,9.97916
39.83,9.95276
39.84,10.447
39.85,9.84177
39.86,9.60878
39.87,10.3817
39.88,9.58391
39.89,9.96065
39.9,9.98132
39.91,9.96749
39.92,9.96861
39.93,9.98048
39.94,9.95227
39.95,9.96491
39.96,9.97999
39.97,9.96218
39.98,9.96281
39.99,9.96253
40,9.98642
40.01,9.94312
40.02,9.96987
40.03,9.92321
40.04,9.99871
40.05,9.9853
40.06,9.95548
40.07,-990.052
40.08,9.98803
40.09,9.95855
40.1,10.0085
40.11,9.94836
40.12,10.0526
40.13,10.0826
40.14,10.0287
40.15,10.1154
40.16,9.92056
40.17,9.94228
40.18,10.0141
40.19,9.45058
40.2,10.0285
40.21,9.91302
40.22,10.009
40.23,10.1156
40.24,9.98076
40.25,10.082
40.26,9.89255
40.27,9.98139
40.28,9.65732
40.29,9.86699
40.3,9.93991
40.31,10.0088
40.32,9.88075
40.33,10.1532
40.34,10.0806
40.35,10.2557
40.36,9.40819
40.37,9.8841
40.38,9.98691
40.39,9.98754
40.4,10.3818
40.41,10.0722
40.42,10.0053
40.43,9.37836
40.44,9.88689
40.45,9.9786
40.46,10.0307
40.47,10.3034
40.48,9.77598
40.49,9.72549
40.5,9.91246
40.51,10.2951
40.52,9.75433
40.53,10.2746
40.54,9.81174
40.55,9.74553
40.56,10.246
40.57,9.95904
